Iteration 1
Selected weak classifier: x<1.3792905
G error: 0.464758001545
Ctp: 0.255412756327
Ctn: -6.44961116304
Z: 0.929579248564
Probability: 0.0333310672961 0.0555517726545 0.0333310672961 0.0333310672961 0.0333310672961 0.0555517726545 0.0555517726545 0.0555517726545 0.0333310672961 0.0333310672961 0.0333310672961 0.0333310672961 0.0555517726545 0.0333310672961 0.0333310672961 0.0555517726545 0.0333310672961 0.0555517726545 0.0555517726545 0.0333310672961 0.0555517726545 0.0333310672961 0.0333310672961 0.0333310672961 6.80366673893e-05 
ft(xt): 0.255412756327 0.255412756327 0.255412756327 0.255412756327 0.255412756327 0.255412756327 0.255412756327 0.255412756327 0.255412756327 0.255412756327 0.255412756327 0.255412756327 0.255412756327 0.255412756327 0.255412756327 0.255412756327 0.255412756327 0.255412756327 0.255412756327 0.255412756327 0.255412756327 0.255412756327 0.255412756327 0.255412756327 -6.44961116304 
Error of the boosted classifier:0.36
Bound: 0.929579248564
===============================================================================================
Iteration 2
Selected weak classifier: x>1.050609
G error: 0.449791463848
Ctp: -0.1115716951
Ctn: 3.64567148943
Z: 0.8995829291
Probability: 0.0414250447746 0.0552333957946 0.0414250447746 0.0414250447746 0.0414250447746 0.0552333957946 0.0552333957946 0.0552333957946 0.0414250447746 0.0414250447746 0.0414250447746 0.0414250447746 0.0552333957946 0.0414250447746 0.0414250447746 0.0552333957946 0.0414250447746 0.0552333957946 0.0552333957946 0.0414250447746 0.0552333957946 0.00096719268734 0.00096719268734 0.00096719268734 0.0028973224917 
ft(xt): 0.143841061228 0.143841061228 0.143841061228 0.143841061228 0.143841061228 0.143841061228 0.143841061228 0.143841061228 0.143841061228 0.143841061228 0.143841061228 0.143841061228 0.143841061228 0.143841061228 0.143841061228 0.143841061228 0.143841061228 0.143841061228 0.143841061228 0.143841061228 0.143841061228 3.90108424576 3.90108424576 3.90108424576 -2.80393967361 
Error of the boosted classifier:0.36
Bound: 0.836233623254
===============================================================================================
Iteration 3
Selected weak classifier: x<0.698907
G error: 0.476776038154
Ctp: 0.202732468702
Ctn: -0.479717314388
Z: 0.953552076308
Probability: 0.0354709628876 0.0709419172125 0.0354709628876 0.0354709628876 0.0354709628876 0.0709419172125 0.0709419172125 0.0709419172125 0.0354709628876 0.0354709628876 0.0354709628876 0.0354709628876 0.0709419172125 0.0354709628876 0.0354709628876 0.0358524423528 0.0701870764579 0.0358524423528 0.0358524423528 0.0701870764579 0.0358524423528 0.00163872911822 0.00163872911822 0.00163872911822 0.00188067537976 
ft(xt): 0.34657352993 0.34657352993 0.34657352993 0.34657352993 0.34657352993 0.34657352993 0.34657352993 0.34657352993 0.34657352993 0.34657352993 0.34657352993 0.34657352993 0.34657352993 0.34657352993 0.34657352993 -0.33587625316 -0.33587625316 -0.33587625316 -0.33587625316 -0.33587625316 -0.33587625316 3.42136693137 3.42136693137 3.42136693137 -3.283656988 
Error of the boosted classifier:0.28
Bound: 0.797392307732
===============================================================================================
Iteration 4
Selected weak classifier: x>0.281422
G error: 0.478927830262
Ctp: -0.34657335373
Ctn: 0.252251760957
Z: 0.957855660525
Probability: 0.0523706305524 0.0523706490079 0.0523706305524 0.0523706305524 0.0523706305524 0.0523706490079 0.0523706490079 0.0523706490079 0.0287753993785 0.0287753993785 0.0287753993785 0.0287753993785 0.0953134959104 0.0287753993785 0.0287753993785 0.048169287663 0.0569384361706 0.048169287663 0.048169287663 0.0569384361706 0.048169287663 0.00132939962751 0.00132939962751 0.00132939962751 0.00252676770181 
ft(xt): 1.76200346147e-07 1.76200346147e-07 1.76200346147e-07 1.76200346147e-07 1.76200346147e-07 1.76200346147e-07 1.76200346147e-07 1.76200346147e-07 0.598825290887 0.598825290887 0.598825290887 0.598825290887 0.598825290887 0.598825290887 0.598825290887 -0.083624492203 -0.083624492203 -0.083624492203 -0.083624492203 -0.083624492203 -0.083624492203 3.67361869233 3.67361869233 3.67361869233 -3.03140522704 
Error of the boosted classifier:0.28
Bound: 0.76378673562
===============================================================================================
Iteration 5
Selected weak classifier: x<0.086185
G error: 0.465357624749
Ctp: 0.693146288311
Ctn: -0.216150873538
Z: 0.930715249499
Probability: 0.0281346401643 0.112538399491 0.0281346401643 0.0281346401643 0.0281346401643 0.0453312812892 0.0453312812892 0.0453312812892 0.0383775867328 0.0383775867328 0.0383775867328 0.0383775867328 0.0825019925402 0.0383775867328 0.0383775867328 0.0416946432767 0.0759384689618 0.0416946432767 0.0416946432767 0.0759384689618 0.0416946432767 0.00177301273341 0.00177301273341 0.00177301273341 0.00218713381662 
ft(xt): 0.693146464511 0.693146464511 0.693146464511 0.693146464511 0.693146464511 -0.216150697338 -0.216150697338 -0.216150697338 0.382674417349 0.382674417349 0.382674417349 0.382674417349 0.382674417349 0.382674417349 0.382674417349 -0.299775365741 -0.299775365741 -0.299775365741 -0.299775365741 -0.299775365741 -0.299775365741 3.45746781879 3.45746781879 3.45746781879 -3.24755610058 
Error of the boosted classifier:0.16
Bound: 0.710867962206
===============================================================================================
Iteration 6
Selected weak classifier: x>0.281422
G error: 0.479385006927
Ctp: -0.396138089266
Ctn: 0.216150895364
Z: 0.958770013854
Probability: 0.043608134499 0.0789851969493 0.043608134499 0.043608134499 0.043608134499 0.0318158086199 0.0318158086199 0.0318158086199 0.0322470564614 0.0322470564614 0.0322470564614 0.0322470564614 0.106812759674 0.0322470564614 0.0322470564614 0.0539807557959 0.063807870809 0.0539807557959 0.0539807557959 0.063807870809 0.0539807557959 0.00148978731048 0.00148978731048 0.00148978731048 0.00283161401968 
ft(xt): 0.297008375245 0.297008375245 0.297008375245 0.297008375245 0.297008375245 -0.612288786604 -0.612288786604 -0.612288786604 0.598825312713 0.598825312713 0.598825312713 0.598825312713 0.598825312713 0.598825312713 0.598825312713 -0.0836244703774 -0.0836244703774 -0.0836244703774 -0.0836244703774 -0.0836244703774 -0.0836244703774 3.67361871415 3.67361871415 3.67361871415 -3.03140520522 
Error of the boosted classifier:0.16
Bound: 0.681558885973
===============================================================================================
Iteration 7
Selected weak classifier: x<0.3782415
G error: 0.483039342743
Ctp: 0.276790853336
Ctn: -0.252251903897
Z: 0.966078685486
Probability: 0.0342252215273 0.107830581 0.0342252215273 0.0342252215273 0.0342252215273 0.0434349379501 0.0434349379501 0.0434349379501 0.0253086416944 0.0253086416944 0.0253086416944 0.0253086416944 0.0859130279148 0.0429565295475 0.0429565295475 0.0434185034984 0.0849989111733 0.0434185034984 0.0434185034984 0.0849989111733 0.0434185034984 0.00198455610045 0.00198455610045 0.00198455610045 0.00227756061224 
ft(xt): 0.573799228581 0.573799228581 0.573799228581 0.573799228581 0.573799228581 -0.335497933268 -0.335497933268 -0.335497933268 0.875616166049 0.875616166049 0.875616166049 0.875616166049 0.346573408816 0.346573408816 0.346573408816 -0.335876374274 -0.335876374274 -0.335876374274 -0.335876374274 -0.335876374274 -0.335876374274 3.42136681026 3.42136681026 3.42136681026 -3.28365710911 
Error of the boosted classifier:0.16
Bound: 0.658439512642
===============================================================================================
Iteration 8
Selected weak classifier: x>0.281422
G error: 0.488912321786
Ctp: -0.276790941184
Ctn: 0.163424076441
Z: 0.977824643573
Probability: 0.0461630046007 0.0836126885827 0.0461630046007 0.0461630046007 0.0461630046007 0.0336797957198 0.0336797957198 0.0336797957198 0.0219803034803 0.0219803034803 0.0219803034803 0.0219803034803 0.103459939907 0.0373073184772 0.0373073184772 0.0522863164273 0.0738207085805 0.0522863164273 0.0522863164273 0.0738207085805 0.0522863164273 0.0017235672261 0.0017235672261 0.0017235672261 0.00274273052406 
ft(xt): 0.297008287397 0.297008287397 0.297008287397 0.297008287397 0.297008287397 -0.612288874452 -0.612288874452 -0.612288874452 1.03904024249 1.03904024249 1.03904024249 1.03904024249 0.509997485256 0.509997485256 0.509997485256 -0.172452297834 -0.172452297834 -0.172452297834 -0.172452297834 -0.172452297834 -0.172452297834 3.5847908867 3.5847908867 3.5847908867 -3.12023303267 
Error of the boosted classifier:0.16
Bound: 0.643838381763
===============================================================================================
Iteration 9
Selected weak classifier: x<0.086185
G error: 0.486617720956
Ctp: 0.396138565948
Ctn: -0.138969560435
Z: 0.973235441911
Probability: 0.0319179770824 0.127671824777 0.0319179770824 0.0319179770824 0.0319179770824 0.0301160368148 0.0301160368148 0.0301160368148 0.0259519192717 0.0259519192717 0.0259519192717 0.0259519192717 0.0925125373385 0.0440483689514 0.0440483689514 0.0467537464756 0.0871593548004 0.0467537464756 0.0467537464756 0.0871593548004 0.0467537464756 0.00203499817695 0.00203499817695 0.00203499817695 0.00245251408656 
ft(xt): 0.693146853344 0.693146853344 0.693146853344 0.693146853344 0.693146853344 -0.751258434887 -0.751258434887 -0.751258434887 0.900070682055 0.900070682055 0.900070682055 0.900070682055 0.371027924821 0.371027924821 0.371027924821 -0.311421858269 -0.311421858269 -0.311421858269 -0.311421858269 -0.311421858269 -0.311421858269 3.44582132626 3.44582132626 3.44582132626 -3.25920259311 
Error of the boosted classifier:0.16
Bound: 0.626606331995
===============================================================================================
Iteration 10
Selected weak classifier: x>-0.195966
G error: 0.481304642067
Ctp: -0.693145678461
Ctn: 0.114433981903
Z: 0.962609284134
Probability: 0.0663154400536 0.0663155958796 0.0295724472406 0.0295724472406 0.0295724472406 0.0350788881966 0.0350788881966 0.0350788881966 0.0240448121595 0.0240448121595 0.0240448121595 0.0240448121595 0.107757769525 0.0408114230888 0.0408114230888 0.0544583424264 0.0807543477679 0.0544583424264 0.0544583424264 0.0807543477679 0.0544583424264 0.00188545395804 0.00188545395804 0.00188545395804 0.00285666629949 
ft(xt): 1.17488393092e-06 1.17488393092e-06 0.807580835248 0.807580835248 0.807580835248 -0.636824452984 -0.636824452984 -0.636824452984 1.01450466396 1.01450466396 1.01450466396 1.01450466396 0.485461906725 0.485461906725 0.485461906725 -0.196987876365 -0.196987876365 -0.196987876365 -0.196987876365 -0.196987876365 -0.196987876365 3.56025530817 3.56025530817 3.56025530817 -3.14476861121 
Error of the boosted classifier:0.16
Bound: 0.603177072675
===============================================================================================
