Iteration 1
Selected weak classifier: x<0.255128
G error: 0.457126357688
Ctp: 0.852373023393
Ctn: -0.191496073098
Z: 0.914252715376
Probability: 0.00932787754702 0.0513032215703 0.0513032215703 0.00932787754702 0.00932787754702 0.00932787754702 0.00932787754702 0.00932787754702 0.00932787754702 0.00932787754702 0.00932787754702 0.00932787754702 0.00932787754702 0.0180633396816 0.0264928953898 0.0180633396816 0.0180633396816 0.0264928953898 0.0264928953898 0.0180633396816 0.0180633396816 0.0264928953898 0.0264928953898 0.0180633396816 0.0264928953898 0.0180633396816 0.0180633396816 0.0180633396816 0.0264928953898 0.0264928953898 0.0180633396816 0.0180633396816 0.0180633396816 0.0180633396816 0.0180633396816 0.0180633396816 0.0180633396816 0.0180633396816 0.0180633396816 0.0264928953898 0.0180633396816 0.0264928953898 0.0264928953898 0.0264928953898 0.0180633396816 0.0264928953898 0.0180633396816 0.0264928953898 0.0264928953898 0.0180633396816 
ft(xt): 0.852373023393 0.852373023393 0.852373023393 0.852373023393 0.852373023393 0.852373023393 0.852373023393 0.852373023393 0.852373023393 0.852373023393 0.852373023393 0.852373023393 0.852373023393 -0.191496073098 -0.191496073098 -0.191496073098 -0.191496073098 -0.191496073098 -0.191496073098 -0.191496073098 -0.191496073098 -0.191496073098 -0.191496073098 -0.191496073098 -0.191496073098 -0.191496073098 -0.191496073098 -0.191496073098 -0.191496073098 -0.191496073098 -0.191496073098 -0.191496073098 -0.191496073098 -0.191496073098 -0.191496073098 -0.191496073098 -0.191496073098 -0.191496073098 -0.191496073098 -0.191496073098 -0.191496073098 -0.191496073098 -0.191496073098 -0.191496073098 -0.191496073098 -0.191496073098 -0.191496073098 -0.191496073098 -0.191496073098 -0.191496073098 
Error of the boosted classifier:0.34
Bound: 0.914252715376
===============================================================================================
Iteration 2
Selected weak classifier: x>0.966624
G error: 0.482563105487
Ctp: -0.153694159493
Ctn: 0.471303544671
Z: 0.965126210974
Probability: 0.011270605566 0.0455839548362 0.0455839548362 0.011270605566 0.011270605566 0.011270605566 0.011270605566 0.011270605566 0.011270605566 0.011270605566 0.011270605566 0.011270605566 0.011270605566 0.0160496443505 0.0320106018475 0.0160496443505 0.0160496443505 0.0320106018475 0.0320106018475 0.0160496443505 0.0160496443505 0.0320106018475 0.0320106018475 0.0160496443505 0.0320106018475 0.0160496443505 0.0160496443505 0.0160496443505 0.0320106018475 0.0320106018475 0.0160496443505 0.0160496443505 0.0160496443505 0.0160496443505 0.0160496443505 0.0160496443505 0.0160496443505 0.0160496443505 0.0160496443505 0.0171340798097 0.0299846143362 0.0171340798097 0.0171340798097 0.0171340798097 0.0299846143362 0.0171340798097 0.0299846143362 0.0171340798097 0.0171340798097 0.0299846143362 
ft(xt): 0.6986788639 0.6986788639 0.6986788639 0.6986788639 0.6986788639 0.6986788639 0.6986788639 0.6986788639 0.6986788639 0.6986788639 0.6986788639 0.6986788639 0.6986788639 -0.345190232591 -0.345190232591 -0.345190232591 -0.345190232591 -0.345190232591 -0.345190232591 -0.345190232591 -0.345190232591 -0.345190232591 -0.345190232591 -0.345190232591 -0.345190232591 -0.345190232591 -0.345190232591 -0.345190232591 -0.345190232591 -0.345190232591 -0.345190232591 -0.345190232591 -0.345190232591 -0.345190232591 -0.345190232591 -0.345190232591 -0.345190232591 -0.345190232591 -0.345190232591 0.279807471573 0.279807471573 0.279807471573 0.279807471573 0.279807471573 0.279807471573 0.279807471573 0.279807471573 0.279807471573 0.279807471573 0.279807471573 
Error of the boosted classifier:0.28
Bound: 0.882369259064
===============================================================================================
Iteration 3
Selected weak classifier: x<0.751757
G error: 0.477318823185
Ctp: 0.239067488055
Ctn: -0.395213644118
Z: 0.954637646369
Probability: 0.00929571935238 0.0606455774436 0.0606455774436 0.00929571935238 0.00929571935238 0.00929571935238 0.00929571935238 0.00929571935238 0.00929571935238 0.00929571935238 0.00929571935238 0.00929571935238 0.00929571935238 0.0213526876485 0.0264015601764 0.0213526876485 0.0213526876485 0.0264015601764 0.0264015601764 0.0213526876485 0.0213526876485 0.0264015601764 0.0264015601764 0.0213526876485 0.0264015601764 0.0213526876485 0.0213526876485 0.0213526876485 0.0264015601764 0.0264015601764 0.011323684263 0.011323684263 0.011323684263 0.011323684263 0.011323684263 0.011323684263 0.011323684263 0.011323684263 0.011323684263 0.0266477983584 0.0211553787783 0.0266477983584 0.0266477983584 0.0266477983584 0.0211553787783 0.0266477983584 0.0211553787783 0.0266477983584 0.0266477983584 0.0211553787783 
ft(xt): 0.937746351956 0.937746351956 0.937746351956 0.937746351956 0.937746351956 0.937746351956 0.937746351956 0.937746351956 0.937746351956 0.937746351956 0.937746351956 0.937746351956 0.937746351956 -0.106122744535 -0.106122744535 -0.106122744535 -0.106122744535 -0.106122744535 -0.106122744535 -0.106122744535 -0.106122744535 -0.106122744535 -0.106122744535 -0.106122744535 -0.106122744535 -0.106122744535 -0.106122744535 -0.106122744535 -0.106122744535 -0.106122744535 -0.740403876709 -0.740403876709 -0.740403876709 -0.740403876709 -0.740403876709 -0.740403876709 -0.740403876709 -0.740403876709 -0.740403876709 -0.115406172546 -0.115406172546 -0.115406172546 -0.115406172546 -0.115406172546 -0.115406172546 -0.115406172546 -0.115406172546 -0.115406172546 -0.115406172546 -0.115406172546 
Error of the boosted classifier:0.34
Bound: 0.842342912701
===============================================================================================
Iteration 4
Selected weak classifier: x>-0.066603
G error: 0.464662836398
Ctp: -1.28431497568
Ctn: 0.129536917354
Z: 0.929325672797
Probability: 0.0361314986627 0.0180659287815 0.0180659287815 0.00878734950537 0.00878734950537 0.00878734950537 0.00878734950537 0.00878734950537 0.00878734950537 0.00878734950537 0.00878734950537 0.00878734950537 0.00878734950537 0.026154220496 0.0249576958988 0.026154220496 0.026154220496 0.0249576958988 0.0249576958988 0.026154220496 0.026154220496 0.0249576958988 0.0249576958988 0.026154220496 0.0249576958988 0.026154220496 0.026154220496 0.026154220496 0.0249576958988 0.0249576958988 0.0138700167359 0.0138700167359 0.0138700167359 0.0138700167359 0.0138700167359 0.0138700167359 0.0138700167359 0.0138700167359 0.0138700167359 0.0251904676602 0.0259125432054 0.0251904676602 0.0251904676602 0.0251904676602 0.0259125432054 0.0251904676602 0.0259125432054 0.0251904676602 0.0251904676602 0.0259125432054 
ft(xt): -0.34656862372 -0.34656862372 -0.34656862372 1.06728326931 1.06728326931 1.06728326931 1.06728326931 1.06728326931 1.06728326931 1.06728326931 1.06728326931 1.06728326931 1.06728326931 0.0234141728184 0.0234141728184 0.0234141728184 0.0234141728184 0.0234141728184 0.0234141728184 0.0234141728184 0.0234141728184 0.0234141728184 0.0234141728184 0.0234141728184 0.0234141728184 0.0234141728184 0.0234141728184 0.0234141728184 0.0234141728184 0.0234141728184 -0.610866959355 -0.610866959355 -0.610866959355 -0.610866959355 -0.610866959355 -0.610866959355 -0.610866959355 -0.610866959355 -0.610866959355 0.0141307448083 0.0141307448083 0.0141307448083 0.0141307448083 0.0141307448083 0.0141307448083 0.0141307448083 0.0141307448083 0.0141307448083 0.0141307448083 0.0141307448083 
Error of the boosted classifier:0.28
Bound: 0.782810894071
===============================================================================================
Iteration 5
Selected weak classifier: x<0.255128
G error: 0.484563502914
Ctp: 0.616572459166
Ctn: -0.105012610175
Z: 0.969127005828
Probability: 0.0201247856352 0.0345345351596 0.0345345351596 0.00489444201437 0.00489444201437 0.00489444201437 0.00489444201437 0.00489444201437 0.00489444201437 0.00489444201437 0.00489444201437 0.00489444201437 0.00489444201437 0.0242971138009 0.0286042252916 0.0242971138009 0.0242971138009 0.0286042252916 0.0286042252916 0.0242971138009 0.0242971138009 0.0286042252916 0.0286042252916 0.0242971138009 0.0286042252916 0.0242971138009 0.0242971138009 0.0242971138009 0.0286042252916 0.0286042252916 0.0128851622669 0.0128851622669 0.0128851622669 0.0128851622669 0.0128851622669 0.0128851622669 0.0128851622669 0.0128851622669 0.0128851622669 0.0288710069661 0.0240725970491 0.0288710069661 0.0288710069661 0.0288710069661 0.0240725970491 0.0288710069661 0.0240725970491 0.0288710069661 0.0288710069661 0.0240725970491 
ft(xt): 0.270003835446 0.270003835446 0.270003835446 1.68385572848 1.68385572848 1.68385572848 1.68385572848 1.68385572848 1.68385572848 1.68385572848 1.68385572848 1.68385572848 1.68385572848 -0.0815984373562 -0.0815984373562 -0.0815984373562 -0.0815984373562 -0.0815984373562 -0.0815984373562 -0.0815984373562 -0.0815984373562 -0.0815984373562 -0.0815984373562 -0.0815984373562 -0.0815984373562 -0.0815984373562 -0.0815984373562 -0.0815984373562 -0.0815984373562 -0.0815984373562 -0.71587956953 -0.71587956953 -0.71587956953 -0.71587956953 -0.71587956953 -0.71587956953 -0.71587956953 -0.71587956953 -0.71587956953 -0.0908818653663 -0.0908818653663 -0.0908818653663 -0.0908818653663 -0.0908818653663 -0.0908818653663 -0.0908818653663 -0.0908818653663 -0.0908818653663 -0.0908818653663 -0.0908818653663 
Error of the boosted classifier:0.34
Bound: 0.758643177901
===============================================================================================
Iteration 6
Selected weak classifier: x>0.966624
G error: 0.486293421897
Ctp: -0.151963825301
Ctn: 0.370689487477
Z: 0.972586843795
Probability: 0.0240879545615 0.0305019899307 0.0305019899307 0.00585830323778 0.00585830323778 0.00585830323778 0.00585830323778 0.00585830323778 0.00585830323778 0.00585830323778 0.00585830323778 0.00585830323778 0.00585830323778 0.0214599767183 0.0342372481169 0.0214599767183 0.0214599767183 0.0342372481169 0.0342372481169 0.0214599767183 0.0214599767183 0.0342372481169 0.0342372481169 0.0214599767183 0.0342372481169 0.0214599767183 0.0214599767183 0.0214599767183 0.0342372481169 0.0342372481169 0.0113805814354 0.0113805814354 0.0113805814354 0.0113805814354 0.0113805814354 0.0113805814354 0.0113805814354 0.0113805814354 0.0113805814354 0.0204901502047 0.0358577433619 0.0204901502047 0.0204901502047 0.0204901502047 0.0358577433619 0.0204901502047 0.0358577433619 0.0204901502047 0.0204901502047 0.0358577433619 
ft(xt): 0.118040010145 0.118040010145 0.118040010145 1.53189190317 1.53189190317 1.53189190317 1.53189190317 1.53189190317 1.53189190317 1.53189190317 1.53189190317 1.53189190317 1.53189190317 -0.233562262658 -0.233562262658 -0.233562262658 -0.233562262658 -0.233562262658 -0.233562262658 -0.233562262658 -0.233562262658 -0.233562262658 -0.233562262658 -0.233562262658 -0.233562262658 -0.233562262658 -0.233562262658 -0.233562262658 -0.233562262658 -0.233562262658 -0.867843394831 -0.867843394831 -0.867843394831 -0.867843394831 -0.867843394831 -0.867843394831 -0.867843394831 -0.867843394831 -0.867843394831 0.279807622111 0.279807622111 0.279807622111 0.279807622111 0.279807622111 0.279807622111 0.279807622111 0.279807622111 0.279807622111 0.279807622111 0.279807622111 
Error of the boosted classifier:0.28
Bound: 0.737846373961
===============================================================================================
Iteration 7
Selected weak classifier: x<0.751757
G error: 0.488816752908
Ctp: 0.169313722909
Ctn: -0.269446052847
Z: 0.977633505816
Probability: 0.0208013647914 0.0369559279293 0.0369559279293 0.00505898923034 0.00505898923034 0.00505898923034 0.00505898923034 0.00505898923034 0.00505898923034 0.00505898923034 0.00505898923034 0.00505898923034 0.00505898923034 0.0260007086347 0.0295658764099 0.0260007086347 0.0260007086347 0.0295658764099 0.0295658764099 0.0260007086347 0.0260007086347 0.0295658764099 0.0295658764099 0.0260007086347 0.0295658764099 0.0260007086347 0.0260007086347 0.0260007086347 0.0295658764099 0.0295658764099 0.00889138548442 0.00889138548442 0.00889138548442 0.00889138548442 0.00889138548442 0.00889138548442 0.00889138548442 0.00889138548442 0.00889138548442 0.027440245876 0.0280148268909 0.027440245876 0.027440245876 0.027440245876 0.0280148268909 0.027440245876 0.0280148268909 0.027440245876 0.027440245876 0.0280148268909 
ft(xt): 0.287353733053 0.287353733053 0.287353733053 1.70120562608 1.70120562608 1.70120562608 1.70120562608 1.70120562608 1.70120562608 1.70120562608 1.70120562608 1.70120562608 1.70120562608 -0.0642485397487 -0.0642485397487 -0.0642485397487 -0.0642485397487 -0.0642485397487 -0.0642485397487 -0.0642485397487 -0.0642485397487 -0.0642485397487 -0.0642485397487 -0.0642485397487 -0.0642485397487 -0.0642485397487 -0.0642485397487 -0.0642485397487 -0.0642485397487 -0.0642485397487 -1.13728944768 -1.13728944768 -1.13728944768 -1.13728944768 -1.13728944768 -1.13728944768 -1.13728944768 -1.13728944768 -1.13728944768 0.0103615692643 0.0103615692643 0.0103615692643 0.0103615692643 0.0103615692643 0.0103615692643 0.0103615692643 0.0103615692643 0.0103615692643 0.0103615692643 0.0103615692643 
Error of the boosted classifier:0.28
Bound: 0.721343337329
===============================================================================================
Iteration 8
Selected weak classifier: x>1.0299035
G error: 0.491120920891
Ctp: -0.107689072966
Ctn: 0.336211729783
Z: 0.982241841782
Probability: 0.0235853415599 0.0337828987019 0.0337828987019 0.00573606540445 0.00573606540445 0.00573606540445 0.00573606540445 0.00573606540445 0.00573606540445 0.00573606540445 0.00573606540445 0.00573606540445 0.00573606540445 0.0237682925365 0.0335228625928 0.0237682925365 0.0237682925365 0.0335228625928 0.0335228625928 0.0237682925365 0.0237682925365 0.0335228625928 0.0335228625928 0.0237682925365 0.0335228625928 0.0237682925365 0.0237682925365 0.0237682925365 0.0335228625928 0.0335228625928 0.00812797274945 0.00812797274945 0.00812797274945 0.00812797274945 0.00812797274945 0.00812797274945 0.00812797274945 0.00812797274945 0.00812797274945 0.0311127456282 0.0256094789669 0.0199597303196 0.0199597303196 0.0199597303196 0.0399194373876 0.0199597303196 0.0399194373876 0.0199597303196 0.0199597303196 0.0399194373876 
ft(xt): 0.179664660087 0.179664660087 0.179664660087 1.59351655312 1.59351655312 1.59351655312 1.59351655312 1.59351655312 1.59351655312 1.59351655312 1.59351655312 1.59351655312 1.59351655312 -0.171937612715 -0.171937612715 -0.171937612715 -0.171937612715 -0.171937612715 -0.171937612715 -0.171937612715 -0.171937612715 -0.171937612715 -0.171937612715 -0.171937612715 -0.171937612715 -0.171937612715 -0.171937612715 -0.171937612715 -0.171937612715 -0.171937612715 -1.24497852064 -1.24497852064 -1.24497852064 -1.24497852064 -1.24497852064 -1.24497852064 -1.24497852064 -1.24497852064 -1.24497852064 -0.0973275037021 -0.0973275037021 0.346573299047 0.346573299047 0.346573299047 0.346573299047 0.346573299047 0.346573299047 0.346573299047 0.346573299047 0.346573299047 
Error of the boosted classifier:0.28
Bound: 0.708533608216
===============================================================================================
Iteration 9
Selected weak classifier: x<0.5770485
G error: 0.494801002241
Ctp: 0.147129346499
Ctn: -0.142580804484
Z: 0.989602004481
Probability: 0.0205723611788 0.0395488452965 0.0395488452965 0.00500329448042 0.00500329448042 0.00500329448042 0.00500329448042 0.00500329448042 0.00500329448042 0.00500329448042 0.00500329448042 0.00500329448042 0.00500329448042 0.0278249812955 0.0292403837042 0.0278249812955 0.0278249812955 0.0292403837042 0.0292403837042 0.0278249812955 0.0278249812955 0.0292403837042 0.0292403837042 0.0278249812955 0.0292403837042 0.0208264554248 0.0208264554248 0.0208264554248 0.0390663275649 0.0390663275649 0.00712196140722 0.00712196140722 0.00712196140722 0.00712196140722 0.00712196140722 0.00712196140722 0.00712196140722 0.00712196140722 0.00712196140722 0.0362576647143 0.0224397554573 0.023260345402 0.023260345402 0.023260345402 0.0349785489243 0.023260345402 0.0349785489243 0.023260345402 0.023260345402 0.0349785489243 
ft(xt): 0.326794006586 0.326794006586 0.326794006586 1.74064589962 1.74064589962 1.74064589962 1.74064589962 1.74064589962 1.74064589962 1.74064589962 1.74064589962 1.74064589962 1.74064589962 -0.0248082662164 -0.0248082662164 -0.0248082662164 -0.0248082662164 -0.0248082662164 -0.0248082662164 -0.0248082662164 -0.0248082662164 -0.0248082662164 -0.0248082662164 -0.0248082662164 -0.0248082662164 -0.3145184172 -0.3145184172 -0.3145184172 -0.3145184172 -0.3145184172 -1.38755932513 -1.38755932513 -1.38755932513 -1.38755932513 -1.38755932513 -1.38755932513 -1.38755932513 -1.38755932513 -1.38755932513 -0.239908308187 -0.239908308187 0.203992494563 0.203992494563 0.203992494563 0.203992494563 0.203992494563 0.203992494563 0.203992494563 0.203992494563 0.203992494563 
Error of the boosted classifier:0.28
Bound: 0.701166278933
===============================================================================================
Iteration 10
Selected weak classifier: x>0.3319545
G error: 0.494860339497
Ctp: -0.243749302914
Ctn: 0.0852499653498
Z: 0.989720678994
Probability: 0.0265234780678 0.0313157044998 0.0313157044998 0.00645063394839 0.00645063394839 0.00645063394839 0.00645063394839 0.00645063394839 0.00645063394839 0.00645063394839 0.00645063394839 0.00645063394839 0.00645063394839 0.022032473652 0.0376989626584 0.022032473652 0.022032473652 0.0271298150675 0.0271298150675 0.0306158150879 0.0306158150879 0.0271298150675 0.0271298150675 0.0306158150879 0.0271298150675 0.0229153400483 0.0229153400483 0.0229153400483 0.0362465230595 0.0362465230595 0.00783629110802 0.00783629110802 0.00783629110802 0.00783629110802 0.00783629110802 0.00783629110802 0.00783629110802 0.00783629110802 0.00783629110802 0.0336405892765 0.024690453388 0.021581415468 0.021581415468 0.021581415468 0.0384868825082 0.021581415468 0.0384868825082 0.021581415468 0.021581415468 0.0384868825082 
ft(xt): 0.0830447036713 0.0830447036713 0.0830447036713 1.4968965967 1.4968965967 1.4968965967 1.4968965967 1.4968965967 1.4968965967 1.4968965967 1.4968965967 1.4968965967 1.4968965967 -0.268557569131 -0.268557569131 -0.268557569131 -0.268557569131 0.0604416991333 0.0604416991333 0.0604416991333 0.0604416991333 0.0604416991333 0.0604416991333 0.0604416991333 0.0604416991333 -0.22926845185 -0.22926845185 -0.22926845185 -0.22926845185 -0.22926845185 -1.30230935978 -1.30230935978 -1.30230935978 -1.30230935978 -1.30230935978 -1.30230935978 -1.30230935978 -1.30230935978 -1.30230935978 -0.154658342837 -0.154658342837 0.289242459913 0.289242459913 0.289242459913 0.289242459913 0.289242459913 0.289242459913 0.289242459913 0.289242459913 0.289242459913 
Error of the boosted classifier:0.24
Bound: 0.693958765673
===============================================================================================
